public: [[86, 67, 170, 105, 203, 24, 114, 36, 79, 69, 126, 234, 203, 48, 64, 146, 21, 195, 164, 224, 52, 19, 103, 179, 146, 136, 68, 51, 45, 131, 135, 23],[102, 183, 145, 74, 166, 169, 173, 5, 166, 120, 177, 86, 194, 195, 5, 103, 42, 22, 106, 172, 2, 225, 55, 79, 29, 211, 219, 101, 85, 120, 184, 45]]
kp1 secret: [178, 179, 34, 18, 117, 1, 185, 218, 30, 124, 64, 198, 145, 64, 226, 140, 57, 17, 186, 219, 30, 216, 203, 18, 240, 3, 108, 69, 172, 149, 19, 13, 20, 240, 243, 4, 204, 120, 131, 246, 185, 237, 152, 125, 12, 115, 206, 213, 128, 186, 145, 18, 242, 7, 67, 205, 100, 84, 133, 97, 204, 246, 82, 155]
kp2 secret: [159, 20, 117, 115, 246, 35, 233, 22, 144, 52, 52, 178, 161, 195, 107, 223, 177, 20, 107, 195, 2, 6, 240, 177, 83, 106, 130, 81, 34, 54, 6, 0, 61, 117, 176, 213, 42, 219, 189, 97, 163, 233, 167, 2, 56, 39, 39, 218, 179, 204, 243, 58, 252, 242, 132, 191, 1, 246, 216, 248, 173, 238, 194, 12]

cargo run round1-simplpedpop \
--dir-path "round1" \
--recipients "[[86, 67, 170, 105, 203, 24, 114, 36, 79, 69, 126, 234, 203, 48, 64, 146, 21, 195, 164, 224, 52, 19, 103, 179, 146, 136, 68, 51, 45, 131, 135, 23],[102, 183, 145, 74, 166, 169, 173, 5, 166, 120, 177, 86, 194, 195, 5, 103, 42, 22, 106, 172, 2, 225, 55, 79, 29, 211, 219, 101, 85, 120, 184, 45]]" \
--secret-key "[178, 179, 34, 18, 117, 1, 185, 218, 30, 124, 64, 198, 145, 64, 226, 140, 57, 17, 186, 219, 30, 216, 203, 18, 240, 3, 108, 69, 172, 149, 19, 13, 20, 240, 243, 4, 204, 120, 131, 246, 185, 237, 152, 125, 12, 115, 206, 213, 128, 186, 145, 18, 242, 7, 67, 205, 100, 84, 133, 97, 204, 246, 82, 155]"

cargo run round1-simplpedpop \
--dir-path "round1" \
--secret-key "[178, 179]"
